# For Summer12 MC
# https://twiki.cern.ch/twiki/bin/view/CMS/PileupMCReweightingUtilities#Sample_Input_Distributions
2.344E-05,
2.344E-05,
2.344E-05,
2.344E-05,
4.687E-04,
4.687E-04,
7.032E-04,
9.414E-04,
1.234E-03,
1.603E-03,
2.464E-03,
3.250E-03,
5.021E-03,
6.644E-03,
8.502E-03,
1.121E-02,
1.518E-02,
2.033E-02,
2.608E-02,
3.171E-02,
3.667E-02,
4.060E-02,
4.338E-02,
4.520E-02,
4.641E-02,
4.735E-02,
4.816E-02,
4.881E-02,
4.917E-02,
4.909E-02,
4.842E-02,
4.707E-02,
4.501E-02,
4.228E-02,
3.896E-02,
3.521E-02,
3.118E-02,
2.702E-02,
2.287E-02,
1.885E-02,
1.508E-02,
1.166E-02,
8.673E-03,
6.190E-03,
4.222E-03,
2.746E-03,
1.698E-03,
9.971E-04,
5.549E-04,
2.924E-04,
1.457E-04,
6.864E-05,
3.054E-05,
1.282E-05,
5.081E-06,
1.898E-06,
6.688E-07,
2.221E-07,
6.947E-08,
2.047E-08
