    # From https://twiki.cern.ch/twiki/bin/view/CMS/PileupMCReweightingUtilities#Sample_Input_Distributions
    # "Truth" distribution for Summer11
    0.0698146584,
    0.0698146584,
    0.0698146584,
    0.0698146584,
    0.0698146584,
    0.0698146584,
    0.0698146584,
    0.0698146584,
    0.0698146584,
    0.0698146584,
    0.0698146584,
    0.0630151648,
    0.0526654164,
    0.0402754482,
    0.0292988928,
    0.0194384503,
    0.0122016783,
    0.007207042,
    0.004003637,
    0.0020278322,
    0.0010739954,
    0.0004595759,
    0.0002229748,
    0.0001028162,
    4.58337152809607E-05
