30	35	-2.5	-1.5	0.657098	0.00154632
30	35	-1.5	0	0.869833	0.000607675
30	35	0	1.5	0.870041	0.000606326
30	35	1.5	2.5	0.671319	0.00148856
35	40	-2.5	-1.5	0.699584	0.00117743
35	40	-1.5	0	0.893179	0.000424377
35	40	0	1.5	0.890228	0.000428402
35	40	1.5	2.5	0.711753	0.00113481
40	45	-2.5	-1.5	0.722743	0.0010353
40	45	-1.5	0	0.90725		0.000350491
40	45	0	1.5	0.904838	0.000353291
40	45	1.5	2.5	0.740655	0.000993759
45	50	-2.5	-1.5	0.738514	0.00120019
45	50	-1.5	0	0.9145		0.000426619
45	50	0	1.5	0.909293	0.000434238
45	50	1.5	2.5	0.755297	0.0011422
50	7000	-2.5	-1.5	0.747587	0.00134529
50	7000	-1.5	0	0.922185	0.000467812
50	7000	0	1.5	0.91789		0.000473673
50	7000	1.5	2.5	0.768746	0.00126765
