30	35	-2.5	-1.5	1.00168		0.00081831
30	35	-1.5	0	0.995907	0.000345183
30	35	0	1.5	0.995485	0.000339514
30	35	1.5	2.5	1.00081		0.000802163
35	40	-2.5	-1.5	1.00143		0.000515189
35	40	-1.5	0	0.998132	0.000164911
35	40	0	1.5	0.998369	0.000163927
35	40	1.5	2.5	1.00049		0.00050141
40	45	-2.5	-1.5	1.00156		0.000390197
40	45	-1.5	0	0.99931		9.79091e-05
40	45	0	1.5	0.999324	9.76529e-05
40	45	1.5	2.5	1.00035		0.000384841
45	50	-2.5	-1.5	1.00175		0.000465921
45	50	-1.5	0	0.999477	0.000112098
45	50	0	1.5	0.999333	0.000110797
45	50	1.5	2.5	1.00136		0.000453244
50	7000	-2.5	-1.5	1.00164		0.000515899
50	7000	-1.5	0	0.998623	0.000151187
50	7000	0	1.5	0.998608	0.00014664
50	7000	1.5	2.5	1.00027		0.000506846
