30	35	-2.5	-1.5	0.997803	0.00392447
30	35	-1.5	0	0.984645	0.0019129
30	35	0	1.5	0.984758	0.00190443
30	35	1.5	2.5	0.995258	0.00383155
35	40	-2.5	-1.5	1.0058		0.00263437
35	40	-1.5	0	0.980343	0.00115087
35	40	0	1.5	0.982167	0.00115368
35	40	1.5	2.5	1.0076		0.00255985
40	45	-2.5	-1.5	1.01621		0.00205666
40	45	-1.5	0	0.987933	0.000859339
40	45	0	1.5	0.987766	0.000828555
40	45	1.5	2.5	1.02118		0.00112405
45	50	-2.5	-1.5	1.02813		0.00231303
45	50	-1.5	0	0.988451	0.000585365
45	50	0	1.5	0.990267	0.000991446
45	50	1.5	2.5	1.02777		0.0022635
50	7000	-2.5	-1.5	1.02821		0.00274109
50	7000	-1.5	0	0.992174	0.00109819
50	7000	0	1.5	0.993518	0.00110156
50	7000	1.5	2.5	1.03204		0.00275147
