PERIOD(2011, 2012)=(0,1) DATA(mc,data)=(0,1) Detector(EB,EE)=(0,1) R9(Inc, high, low)=(0,1,2) Pt(0,1,2,3) Correction(scale,resolution)=(0,1) Number
0 0 0 0 0 0 1.59
0 1 0 0 0 0 -0.48
0 0 0 0 1 0 0.13
0 1 0 0 1 0 0.18
0 0 0 0 2 0 0.88
0 1 0 0 2 0 -0.00
0 0 0 0 3 0 0.43
0 1 0 0 3 0 0.31
0 0 1 0 0 0 0.53
0 1 1 0 0 0 1.48
0 0 1 0 1 0 2.69
0 1 1 0 1 0 0.35
0 0 1 0 2 0 1.87
0 1 1 0 2 0 0.67
0 0 1 0 3 0 1.23
0 1 1 0 3 0 0.31
0 0 0 0 0 1 4.29
0 1 0 0 0 1 6.76
0 0 0 0 1 1 4.34
0 1 0 0 1 1 5.29
0 0 0 0 2 1 4.53
0 1 0 0 2 1 4.03
0 0 0 0 3 1 2.98
0 1 0 0 3 1 2.78
0 0 1 0 0 1 11.14
0 1 1 0 0 1 8.96
0 0 1 0 1 1 4.63
0 1 1 0 1 1 9.57
0 0 1 0 2 1 4.72
0 1 1 0 2 1 7.40
0 0 1 0 3 1 3.41
0 1 1 0 3 1 4.70
1 0 0 0 0 0 0.82
1 1 0 0 0 0 0.98
1 0 0 0 1 0 0.46
1 1 0 0 1 0 0.92
1 0 0 0 2 0 0.65
1 1 0 0 2 0 0.99
1 0 0 0 3 0 0.14
1 1 0 0 3 0 0.65
1 0 1 0 0 0 1.61
1 1 1 0 0 0 0.83
1 0 1 0 1 0 0.90
1 1 1 0 1 0 -1.20
1 0 1 0 2 0 1.27
1 1 1 0 2 0 1.02
1 0 1 0 3 0 0.68
1 1 1 0 3 0 1.34
1 0 0 0 0 1 4.29
1 1 0 0 0 1 5.37
1 0 0 0 1 1 3.87
1 1 0 0 1 1 4.98
1 0 0 0 2 1 3.80
1 1 0 0 2 1 4.00
1 0 0 0 3 1 1.92
1 1 0 0 3 1 2.24
1 0 1 0 0 1 5.96
1 1 1 0 0 1 9.31
1 0 1 0 1 1 5.61
1 1 1 0 1 1 8.98
1 0 1 0 2 1 4.65
1 1 1 0 2 1 4.55
1 0 1 0 3 1 2.89
1 1 1 0 3 1 4.65
0 0 0 1 0 0 0.80
1 0 0 1 0 0 0.46
0 1 0 1 0 0 -0.89
1 1 0 1 0 0 2.18
0 0 0 1 1 0 0.79
1 0 0 1 1 0 0.29
0 1 0 1 1 0 -0.06
1 1 0 1 1 0 0.64
0 0 0 1 2 0 0.45
1 0 0 1 2 0 0.28
0 1 0 1 2 0 -0.06
1 1 0 1 2 0 1.78
0 0 0 1 3 0 0.45
1 0 0 1 3 0 0.11
0 1 0 1 3 0 1.10
1 1 0 1 3 0 1.15
0 0 1 1 0 0 3.00
1 0 1 1 0 0 1.82
0 1 1 1 0 0 1.41
1 1 1 1 0 0 0.90
0 0 1 1 1 0 2.33
1 0 1 1 1 0 1.30
0 1 1 1 1 0 0.07
1 1 1 1 1 0 -0.66
0 0 1 1 2 0 1.64
1 0 1 1 2 0 1.14
0 1 1 1 2 0 0.58
1 1 1 1 2 0 1.14
0 0 1 1 3 0 0.96
1 0 1 1 3 0 0.62
0 1 1 1 3 0 0.45
1 1 1 1 3 0 1.24
0 0 0 1 0 1 2.69
1 0 0 1 0 1 1.93
0 1 0 1 0 1 5.03
1 1 0 1 0 1 3.01
0 0 0 1 1 1 2.56
1 0 0 1 1 1 1.80
0 1 0 1 1 1 3.75
1 1 0 1 1 1 3.95
0 0 0 1 2 1 2.10
1 0 0 1 2 1 1.51
0 1 0 1 2 1 3.59
1 1 0 1 2 1 1.91
0 0 0 1 3 1 1.47
1 0 0 1 3 1 1.12
0 1 0 1 3 1 2.18
1 1 0 1 3 1 2.29
0 0 1 1 0 1 7.48
1 0 1 1 0 1 6.17
0 1 1 1 0 1 15.16
1 1 1 1 0 1 10.65
0 0 1 1 1 1 6.05
1 0 1 1 1 1 5.20
0 1 1 1 1 1 13.46
1 1 1 1 1 1 8.86
0 0 1 1 2 1 4.93
1 0 1 1 2 1 4.28
0 1 1 1 2 1 10.68
1 1 1 1 2 1 4.28
0 0 1 1 3 1 3.39
1 0 1 1 3 1 2.93
0 1 1 1 3 1 6.21
1 1 1 1 3 1 5.62
0 0 0 2 0 0 2.15
1 0 0 2 0 0 1.32
0 1 0 2 0 0 -0.25
1 1 0 2 0 0 0.95
0 0 0 2 1 0 1.81
1 0 0 2 1 0 0.81
0 1 0 2 1 0 0.28
1 1 0 2 1 0 1.15
0 0 0 2 2 0 1.48
1 0 0 2 2 0 0.64
0 1 0 2 2 0 0.24
1 1 0 2 2 0 0.28
0 0 0 2 3 0 0.80
1 0 0 2 3 0 0.62
0 1 0 2 3 0 -0.36
1 1 0 2 3 0 0.39
0 0 1 2 0 0 3.00
1 0 1 2 0 0 1.82
0 1 1 2 0 0 1.41
1 1 1 2 0 0 0.90
0 0 1 2 1 0 2.33
1 0 1 2 1 0 1.30
0 1 1 2 1 0 0.07
1 1 1 2 1 0 -0.66
0 0 1 2 2 0 1.64
1 0 1 2 2 0 1.14
0 1 1 2 2 0 0.58
1 1 1 2 2 0 1.14
0 0 1 2 3 0 0.96
1 0 1 2 3 0 0.62
0 1 1 2 3 0 0.45
1 1 1 2 3 0 1.24
0 0 0 2 0 1 8.20
1 0 0 2 0 1 6.16
0 1 0 2 0 1 15.69
1 1 0 2 0 1 9.24
0 0 0 2 1 1 7.31
1 0 0 2 1 1 5.92
0 1 0 2 1 1 11.13
1 1 0 2 1 1 8.87
0 0 0 2 2 1 5.82
1 0 0 2 2 1 4.70
0 1 0 2 2 1 7.54
1 1 0 2 2 1 7.58
0 0 0 2 3 1 3.94
1 0 0 2 3 1 2.77
0 1 0 2 3 1 5.36
1 1 0 2 3 1 3.58
0 0 1 2 0 1 7.48
1 0 1 2 0 1 6.17
0 1 1 2 0 1 15.16
1 1 1 2 0 1 10.65
0 0 1 2 1 1 6.05
1 0 1 2 1 1 5.20
0 1 1 2 1 1 13.46
1 1 1 2 1 1 8.86
0 0 1 2 2 1 4.93
1 0 1 2 2 1 4.28
0 1 1 2 2 1 10.68
1 1 1 2 2 1 4.28
0 0 1 2 3 1 3.39
1 0 1 2 3 1 2.93
0 1 1 2 3 1 6.21
1 1 1 2 3 1 5.62
