PERIOD(2011, 2012)=(0,1) DATA(mc,data,mc_fit)=(0,1,2) Detector(EB,EE)=(0,1) R9(Inc, high, low)=(0,1,2) Pt(0,1,2,3) Correction(scale,resolution)=(0,1) Number Error(%)
0 0 0 1 0 0 0.80 0.001
1 0 0 1 0 0 0.46 0.104
0 1 0 1 0 0 -0.89 0.451
1 1 0 1 0 0 2.18 0.463
0 0 0 1 1 0 0.79 0.096
1 0 0 1 1 0 0.29 0.081
0 1 0 1 1 0 -0.06 0.359
1 1 0 1 1 0 0.64 0.372
0 0 0 1 2 0 0.45 0.073
1 0 0 1 2 0 0.28 0.061
0 1 0 1 2 0 -0.06 0.277
1 1 0 1 2 0 1.78 0.216
0 0 0 1 3 0 0.45 0.043
1 0 0 1 3 0 0.11 0.038
0 1 0 1 3 0 1.10 0.117
1 1 0 1 3 0 1.15 0.130
0 0 1 1 0 0 3.00 0.318
1 0 1 1 0 0 1.82 0.358
0 1 1 1 0 0 1.41 0.575
1 1 1 1 0 0 0.90 0.733
0 0 1 1 1 0 2.33 0.239
1 0 1 1 1 0 1.30 0.248
0 1 1 1 1 0 0.07 0.477
1 1 1 1 1 0 -0.66 0.508
0 0 1 1 2 0 1.64 0.183
1 0 1 1 2 0 1.14 0.194
0 1 1 1 2 0 0.58 0.371
1 1 1 1 2 0 1.14 0.000
0 0 1 1 3 0 0.96 0.115
1 0 1 1 3 0 0.62 0.119
0 1 1 1 3 0 0.45 0.215
1 1 1 1 3 0 1.24 0.236
0 0 0 1 0 1 2.69 0.002
1 0 0 1 0 1 1.93 0.026
0 1 0 1 0 1 5.03 0.609
1 1 0 1 0 1 3.01 0.695
0 0 0 1 1 1 2.56 0.028
1 0 0 1 1 1 1.80 0.022
0 1 0 1 1 1 3.75 0.530
1 1 0 1 1 1 3.95 0.607
0 0 0 1 2 1 2.10 0.021
1 0 0 1 2 1 1.51 0.015
0 1 0 1 2 1 3.59 0.380
1 1 0 1 2 1 1.91 0.265
0 0 0 1 3 1 1.47 0.012
1 0 0 1 3 1 1.12 0.009
0 1 0 1 3 1 2.18 0.163
1 1 0 1 3 1 2.29 0.222
0 0 1 1 0 1 7.48 0.096
1 0 1 1 0 1 6.17 0.099
0 1 1 1 0 1 15.16 0.482
1 1 1 1 0 1 10.65 0.930
0 0 1 1 1 1 6.05 0.074
1 0 1 1 1 1 5.20 0.076
0 1 1 1 1 1 13.46 0.728
1 1 1 1 1 1 8.86 0.658
0 0 1 1 2 1 4.93 0.056
1 0 1 1 2 1 4.28 0.055
0 1 1 1 2 1 10.68 0.501
1 1 1 1 2 1 4.28 0.000
0 0 1 1 3 1 3.39 0.035
1 0 1 1 3 1 2.93 0.032
0 1 1 1 3 1 6.21 0.404
1 1 1 1 3 1 5.62 0.435
0 0 0 2 0 0 2.15 0.269
1 0 0 2 0 0 1.32 0.210
0 1 0 2 0 0 -0.25 0.431
1 1 0 2 0 0 0.95 0.418
0 0 0 2 1 0 1.81 0.213
1 0 0 2 1 0 0.81 0.157
0 1 0 2 1 0 0.28 0.329
1 1 0 2 1 0 1.15 0.317
0 0 0 2 2 0 1.48 0.158
1 0 0 2 2 0 0.64 0.116
0 1 0 2 2 0 0.24 0.245
1 1 0 2 2 0 0.28 0.247
0 0 0 2 3 0 0.80 0.092
1 0 0 2 3 0 0.62 0.068
0 1 0 2 3 0 -0.36 0.157
1 1 0 2 3 0 0.39 0.145
0 0 1 2 0 0 3.00 0.318
1 0 1 2 0 0 1.82 0.358
0 1 1 2 0 0 1.41 0.575
1 1 1 2 0 0 0.90 0.733
0 0 1 2 1 0 2.33 0.239
1 0 1 2 1 0 1.30 0.248
0 1 1 2 1 0 0.07 0.477
1 1 1 2 1 0 -0.66 0.508
0 0 1 2 2 0 1.64 0.183
1 0 1 2 2 0 1.14 0.194
0 1 1 2 2 0 0.58 0.371
1 1 1 2 2 0 1.14 0.000
0 0 1 2 3 0 0.96 0.115
1 0 1 2 3 0 0.62 0.119
0 1 1 2 3 0 0.45 0.215
1 1 1 2 3 0 1.24 0.236
0 0 0 2 0 1 8.20 0.076
1 0 0 2 0 1 6.16 0.072
0 1 0 2 0 1 15.69 0.294
1 1 0 2 0 1 9.24 0.591
0 0 0 2 1 1 7.31 0.062
1 0 0 2 1 1 5.92 0.058
0 1 0 2 1 1 11.13 0.537
1 1 0 2 1 1 8.87 0.495
0 0 0 2 2 1 5.82 0.050
1 0 0 2 2 1 4.70 0.045
0 1 0 2 2 1 7.54 0.336
1 1 0 2 2 1 7.58 0.314
0 0 0 2 3 1 3.94 0.031
1 0 0 2 3 1 2.77 0.025
0 1 0 2 3 1 5.36 0.229
1 1 0 2 3 1 3.58 0.241
0 0 1 2 0 1 7.48 0.096
1 0 1 2 0 1 6.17 0.099
0 1 1 2 0 1 15.16 0.482
1 1 1 2 0 1 10.65 0.930
0 0 1 2 1 1 6.05 0.074
1 0 1 2 1 1 5.20 0.076
0 1 1 2 1 1 13.46 0.728
1 1 1 2 1 1 8.86 0.658
0 0 1 2 2 1 4.93 0.056
1 0 1 2 2 1 4.28 0.055
0 1 1 2 2 1 10.68 0.501
1 1 1 2 2 1 4.28 0.000
0 0 1 2 3 1 3.39 0.035
1 0 1 2 3 1 2.93 0.032
0 1 1 2 3 1 6.21 0.404
1 1 1 2 3 1 5.62 0.435
